375,0
242,0
583,1
542,0
518,0
977,1
580,1
423,0
355,0
976,1
803,1
251,0
1025,1
76,0
475,0
700,1
97,0
53,0
132,0
539,0
498,0
872,1
49,0
1039,0
417,0
223,0
157,0
396,0
513,0
669,1
263,0
752,1
670,1
828,1
147,0
850,1
651,1
647,0
738,1
570,1
740,1
637,1
915,1
648,0
954,0
321,0
844,1
792,1
991,1
834,1
938,1
21,0
459,0
201,0
1029,1
45,0
778,1
118,0
690,1
23,0
363,0
736,1
741,1
697,1
772,1
780,1
257,0
966,0
319,0
260,0
692,1
795,1
91,0
709,1
300,0
369,0
953,0
432,0
601,1
165,0
100,0
208,0
687,1
1050,1
36,0
24,0
175,0
546,0
532,0
1019,1
762,1
230,0
10,0
4,0
990,1
677,1
517,0
969,1
292,0
555,0
199,0
460,0
261,0
599,1
243,0
445,0
836,1
276,0
439,0
926,1
764,1
934,1
568,1
130,0
1016,1
706,1
588,1
341,0
629,1
543,0
739,0
371,0
275,0
182,0
640,1
294,0
875,1
982,0
1009,1
681,1
708,1
291,0
378,0
56,0
576,1
123,0
385,0
914,1
742,1
757,1
264,0
502,0
295,0
886,0
227,0
389,0
11,0
883,0
63,0
487,0
603,1
652,1
885,1
449,0
812,0
902,1
730,1
52,0
661,1
1043,1
623,1
802,1
408,0
377,0
796,1
298,0
906,1
678,1
619,1
240,0
410,0
720,1
139,0
905,1
268,0
559,1
480,0
196,0
923,1
161,0
641,1
225,0
863,1
239,0
265,0
313,0
214,0
674,1
719,1
209,0
691,1
929,0
727,1
493,0
590,1
760,1
32,0
16,0
949,0
749,1
299,0
814,0
309,0
924,0
575,1
30,0
854,1
1002,1
253,0
912,1
732,1
968,1
561,1
541,0
1038,1
659,1
945,0
801,1
391,0
403,0
911,1
614,1
610,1
1004,0
979,1
745,1
33,0
170,0
781,1
788,1
41,0
654,0
247,0
187,0
761,1
649,0
524,0
841,1
463,0
645,0
213,0
207,0
816,1
79,0
685,1
1036,0
598,1
453,0
195,0
908,1
86,0
728,1
27,0
328,0
285,0
525,0
946,0
686,1
204,0
421,0
843,1
839,1
707,1
511,0
927,1
930,0
411,0
59,0
333,0
75,0
855,1
621,1
272,0
660,1
113,0
1033,0
278,0
481,0
711,1
58,0
682,1
222,0
413,0
718,1
980,1
150,0
249,0
87,0
128,0
332,0
433,0
573,1
472,0
218,0
202,0
646,0
99,0
127,0
12,0
1021,1
383,0
776,1
402,0
959,1
246,0
789,1
443,0
92,0
101,0
508,0
889,1
133,0
1045,1
387,0
314,0
441,0
673,1
334,0
217,0
105,0
181,0
399,0
331,0
435,0
530,0
241,0
994,1
307,0
329,0
232,0
1037,1
957,1
364,0
492,0
777,1
613,1
984,1
679,1
486,0
615,1
206,0
825,1
910,1
1041,1
782,1
1048,1
489,0
726,1
153,0
419,0
811,0
611,1
110,0
13,0
551,1
680,1
96,0
847,1
119,0
184,0
318,0
765,1
746,1
501,0
382,0
710,1
60,0
210,0
340,0
450,0
174,0
589,1
549,0
424,0
464,0
46,0
818,0
1017,1
425,0
84,0
798,1
1006,1
922,1
693,1
269,0
721,1
144,0
1027,1
381,0
407,0
31,0
310,0
948,0
446,0
635,1
325,0
193,0
20,0
1030,0
770,1
415,0
192,0
277,0
111,0
212,0
373,0
586,1
520,0
203,0
83,0
702,1
797,1
667,1
468,0
236,0
109,0
219,0
676,1
393,0
429,0
874,1
729,1
747,1
422,0
1026,1
748,1
858,1
933,1
116,0
564,1
928,1
892,1
324,0
592,1
1007,0
800,1
74,0
473,0
735,1
664,1
112,0
149,0
89,0
38,0
404,0
973,1
873,1
967,0
705,1
534,0
461,0
273,0
921,1
897,1
666,1
48,0
495,0
876,1
655,0
694,1
271,0
596,1
90,0
211,0
849,1
832,1
767,1
917,1
143,0
343,0
287,0
15,0
9,0
528,0
362,0
535,0
5,0
418,0
918,1
336,0
154,0
683,1
258,0
451,0
348,0
986,1
552,0
997,1
409,0
974,1
50,0
69,0
962,0
177,0
359,0
374,0
437,0
8,0
869,1
122,0
1011,1
360,0
26,0
628,1
602,1
342,0
103,0
414,0
326,0
51,0
837,1
516,0
522,0
166,0
40,0
82,0
860,1
566,1
698,1
909,1
838,1
723,1
835,1
958,1
810,0
283,0
724,1
829,1
996,1
853,1
102,0
14,0
809,0
235,0
1046,1
1044,1
395,0
868,1
1010,1
306,0
224,0
115,0
545,0
117,0
477,0
960,0
470,0
826,1
431,0
636,1
751,1
550,0
1008,0
521,0
632,1
587,1
989,1
1015,1
884,1
488,0
597,1
935,1
572,1
1023,1
220,0
78,0
1024,1
353,0
1032,0
146,0
633,1
799,1
901,0
376,0
899,1
992,1
1040,1
142,0
462,0
317,0
183,0
1031,0
229,0
985,0
665,1
671,1
179,0
983,1
490,0
68,0
442,0
950,0
831,1
485,0
763,1
808,0
1034,1
254,0
939,0
626,1
817,1
384,0
759,1
351,0
245,0
426,0
999,1
823,1
713,1
754,1
658,1
71,0
822,1
205,0
846,1
1035,1
806,1
856,1
22,0
17,0
743,1
526,0
180,0
290,0
380,0
650,0
94,0
152,0
536,0
392,0
634,1
775,1
35,0
361,0
1049,1
931,0
616,1
316,0
296,0
955,0
458,0
1003,1
578,1
594,1
607,1
975,1
857,1
510,0
61,0
622,1
662,1
1,0
304,0
308,0
191,0
352,0
244,0
585,1
282,0
904,1
248,0
987,1
104,0
416,0
916,1
390,0
1042,1
882,1
725,1
554,0
427,0
57,0
624,1
366,0
65,0
891,1
497,0
44,0
467,0
944,1
951,0
684,1
197,0
506,0
456,0
656,1
168,0
907,1
64,0
3,0
266,0
430,0
827,1
156,0
515,0
337,0
259,0
234,0
965,0
398,0
29,0
653,1
579,1
436,0
189,0
558,1
457,0
400,0
663,1
428,0
465,0
639,1
605,1
1014,1
434,0
34,0
896,1
786,1
491,0
932,0
233,0
125,0
779,1
274,0
284,0
455,0
270,0
280,0
548,0
256,0
627,1
305,0
303,0
995,0
544,0
703,1
238,0
447,0
138,0
512,0
731,1
981,1
95,0
1005,1
771,0
164,0
964,1
675,1
961,0
452,0
405,0
250,0
625,1
859,1
609,1
162,0
556,1
19,0
830,1
135,0
815,0
805,1
813,1
852,1
43,0
368,0
845,1
18,0
737,1
600,1
807,0
867,1
226,0
499,0
898,1
72,0
877,1
750,1
712,1
469,0
1012,1
862,1
476,0
158,0
216,0
668,1
145,0
176,0
790,1
350,0
821,1
595,1
148,0
791,1
1018,1
970,1
538,0
215,0
173,0
755,1
523,0
494,0
842,1
972,1
412,0
372,0
171,0
106,0
28,0
895,1
880,1
77,0
689,1
704,1
496,0
25,0
169,0
505,0
804,1
120,0
993,1
988,1
136,0
444,0
758,1
47,0
733,1
42,0
604,1
358,0
54,0
346,0
562,1
529,0
440,0
194,0
1047,1
787,1
471,0
925,1
2,0
6,0
7,0
37,0
39,0
55,0
62,0
66,0
67,0
70,0
73,0
80,0
81,0
85,0
88,0
93,0
98,0
107,0
108,0
114,0
121,0
124,0
126,0
129,0
131,0
134,0
137,0
140,0
141,0
151,0
155,0
159,0
160,0
163,0
167,0
172,0
178,0
185,0
186,0
188,0
190,0
198,0
200,0
221,0
228,0
231,0
237,0
252,0
255,0
262,0
267,0
279,0
281,0
286,0
288,0
289,0
293,0
297,0
301,0
302,0
311,0
312,0
315,0
320,0
322,0
323,0
327,0
330,0
335,0
338,0
339,0
344,0
345,0
347,0
349,0
354,0
356,0
357,0
365,0
367,0
370,0
379,0
386,0
388,0
394,0
397,0
401,0
406,0
420,0
438,0
448,0
454,0
466,0
474,0
478,0
479,0
482,0
483,0
484,0
500,0
503,0
504,0
507,0
509,0
514,0
519,0
527,0
531,0
533,0
537,0
540,0
547,0
553,0
557,0
560,1
563,1
565,1
567,1
569,1
571,1
574,1
577,1
581,1
582,1
584,1
591,1
593,1
606,1
608,1
612,1
617,1
618,1
620,1
630,1
631,1
638,1
642,1
643,1
644,1
657,1
672,1
688,1
695,1
696,1
699,1
701,1
714,1
715,1
716,1
717,1
722,1
734,1
744,1
753,1
756,1
766,1
768,1
769,1
773,1
774,1
783,1
784,1
785,1
793,1
794,1
819,0
820,1
824,1
833,1
840,1
848,1
851,1
861,1
864,1
865,1
866,1
870,1
871,1
878,1
879,1
881,1
887,1
888,1
890,0
893,1
894,1
900,1
903,1
913,1
919,1
920,1
936,1
937,1
940,1
941,1
942,1
943,1
947,0
952,0
956,1
963,1
971,1
978,1
998,1
1000,1
1001,1
1013,1
1020,0
1022,1
1028,1
